{
 "cells": [
  {
   "cell_type": "code",
   "execution_count": null,
   "id": "4d7f7850",
   "metadata": {},
   "outputs": [],
   "source": [
    "import pandas as pd \n",
    "import numpy as np\n",
    "import os\n"
   ]
  },
  {
   "cell_type": "code",
   "execution_count": 95,
   "id": "e5df1743",
   "metadata": {},
   "outputs": [
    {
     "data": {
      "text/html": [
       "<div>\n",
       "<style scoped>\n",
       "    .dataframe tbody tr th:only-of-type {\n",
       "        vertical-align: middle;\n",
       "    }\n",
       "\n",
       "    .dataframe tbody tr th {\n",
       "        vertical-align: top;\n",
       "    }\n",
       "\n",
       "    .dataframe thead th {\n",
       "        text-align: right;\n",
       "    }\n",
       "</style>\n",
       "<table border=\"1\" class=\"dataframe\">\n",
       "  <thead>\n",
       "    <tr style=\"text-align: right;\">\n",
       "      <th></th>\n",
       "      <th>date</th>\n",
       "      <th>price</th>\n",
       "      <th>bedrooms</th>\n",
       "      <th>bathrooms</th>\n",
       "      <th>sqft_living</th>\n",
       "      <th>sqft_lot</th>\n",
       "      <th>floors</th>\n",
       "      <th>waterfront</th>\n",
       "      <th>view</th>\n",
       "      <th>condition</th>\n",
       "      <th>grade</th>\n",
       "      <th>sqft_above</th>\n",
       "      <th>sqft_basement</th>\n",
       "      <th>yr_built</th>\n",
       "      <th>yr_renovated</th>\n",
       "      <th>zipcode</th>\n",
       "      <th>lat</th>\n",
       "      <th>long</th>\n",
       "      <th>sqft_living15</th>\n",
       "      <th>sqft_lot15</th>\n",
       "    </tr>\n",
       "    <tr>\n",
       "      <th>id</th>\n",
       "      <th></th>\n",
       "      <th></th>\n",
       "      <th></th>\n",
       "      <th></th>\n",
       "      <th></th>\n",
       "      <th></th>\n",
       "      <th></th>\n",
       "      <th></th>\n",
       "      <th></th>\n",
       "      <th></th>\n",
       "      <th></th>\n",
       "      <th></th>\n",
       "      <th></th>\n",
       "      <th></th>\n",
       "      <th></th>\n",
       "      <th></th>\n",
       "      <th></th>\n",
       "      <th></th>\n",
       "      <th></th>\n",
       "      <th></th>\n",
       "    </tr>\n",
       "  </thead>\n",
       "  <tbody>\n",
       "    <tr>\n",
       "      <th>9117000170</th>\n",
       "      <td>2015-05-05</td>\n",
       "      <td>268643</td>\n",
       "      <td>4</td>\n",
       "      <td>2.25</td>\n",
       "      <td>1810</td>\n",
       "      <td>9240</td>\n",
       "      <td>2.0</td>\n",
       "      <td>0</td>\n",
       "      <td>0</td>\n",
       "      <td>3</td>\n",
       "      <td>7</td>\n",
       "      <td>1810</td>\n",
       "      <td>0</td>\n",
       "      <td>1961</td>\n",
       "      <td>0</td>\n",
       "      <td>98055</td>\n",
       "      <td>47.4362</td>\n",
       "      <td>-122.187</td>\n",
       "      <td>1660</td>\n",
       "      <td>9240</td>\n",
       "    </tr>\n",
       "    <tr>\n",
       "      <th>6700390210</th>\n",
       "      <td>2014-07-08</td>\n",
       "      <td>245000</td>\n",
       "      <td>3</td>\n",
       "      <td>2.50</td>\n",
       "      <td>1600</td>\n",
       "      <td>2788</td>\n",
       "      <td>2.0</td>\n",
       "      <td>0</td>\n",
       "      <td>0</td>\n",
       "      <td>4</td>\n",
       "      <td>7</td>\n",
       "      <td>1600</td>\n",
       "      <td>0</td>\n",
       "      <td>1992</td>\n",
       "      <td>0</td>\n",
       "      <td>98031</td>\n",
       "      <td>47.4034</td>\n",
       "      <td>-122.187</td>\n",
       "      <td>1720</td>\n",
       "      <td>3605</td>\n",
       "    </tr>\n",
       "    <tr>\n",
       "      <th>7212660540</th>\n",
       "      <td>2015-01-15</td>\n",
       "      <td>200000</td>\n",
       "      <td>4</td>\n",
       "      <td>2.50</td>\n",
       "      <td>1720</td>\n",
       "      <td>8638</td>\n",
       "      <td>2.0</td>\n",
       "      <td>0</td>\n",
       "      <td>0</td>\n",
       "      <td>3</td>\n",
       "      <td>8</td>\n",
       "      <td>1720</td>\n",
       "      <td>0</td>\n",
       "      <td>1994</td>\n",
       "      <td>0</td>\n",
       "      <td>98003</td>\n",
       "      <td>47.2704</td>\n",
       "      <td>-122.313</td>\n",
       "      <td>1870</td>\n",
       "      <td>7455</td>\n",
       "    </tr>\n",
       "    <tr>\n",
       "      <th>8562780200</th>\n",
       "      <td>2015-04-27</td>\n",
       "      <td>352499</td>\n",
       "      <td>2</td>\n",
       "      <td>2.25</td>\n",
       "      <td>1240</td>\n",
       "      <td>705</td>\n",
       "      <td>2.0</td>\n",
       "      <td>0</td>\n",
       "      <td>0</td>\n",
       "      <td>3</td>\n",
       "      <td>7</td>\n",
       "      <td>1150</td>\n",
       "      <td>90</td>\n",
       "      <td>2009</td>\n",
       "      <td>0</td>\n",
       "      <td>98027</td>\n",
       "      <td>47.5321</td>\n",
       "      <td>-122.073</td>\n",
       "      <td>1240</td>\n",
       "      <td>750</td>\n",
       "    </tr>\n",
       "    <tr>\n",
       "      <th>7760400350</th>\n",
       "      <td>2014-12-05</td>\n",
       "      <td>232000</td>\n",
       "      <td>3</td>\n",
       "      <td>2.00</td>\n",
       "      <td>1280</td>\n",
       "      <td>13356</td>\n",
       "      <td>1.0</td>\n",
       "      <td>0</td>\n",
       "      <td>0</td>\n",
       "      <td>3</td>\n",
       "      <td>7</td>\n",
       "      <td>1280</td>\n",
       "      <td>0</td>\n",
       "      <td>1994</td>\n",
       "      <td>0</td>\n",
       "      <td>98042</td>\n",
       "      <td>47.3715</td>\n",
       "      <td>-122.074</td>\n",
       "      <td>1590</td>\n",
       "      <td>8071</td>\n",
       "    </tr>\n",
       "  </tbody>\n",
       "</table>\n",
       "</div>"
      ],
      "text/plain": [
       "                 date   price  bedrooms  bathrooms  sqft_living  sqft_lot  \\\n",
       "id                                                                          \n",
       "9117000170 2015-05-05  268643         4       2.25         1810      9240   \n",
       "6700390210 2014-07-08  245000         3       2.50         1600      2788   \n",
       "7212660540 2015-01-15  200000         4       2.50         1720      8638   \n",
       "8562780200 2015-04-27  352499         2       2.25         1240       705   \n",
       "7760400350 2014-12-05  232000         3       2.00         1280     13356   \n",
       "\n",
       "            floors  waterfront  view  condition  grade  sqft_above  \\\n",
       "id                                                                   \n",
       "9117000170     2.0           0     0          3      7        1810   \n",
       "6700390210     2.0           0     0          4      7        1600   \n",
       "7212660540     2.0           0     0          3      8        1720   \n",
       "8562780200     2.0           0     0          3      7        1150   \n",
       "7760400350     1.0           0     0          3      7        1280   \n",
       "\n",
       "            sqft_basement  yr_built  yr_renovated  zipcode      lat     long  \\\n",
       "id                                                                             \n",
       "9117000170              0      1961             0    98055  47.4362 -122.187   \n",
       "6700390210              0      1992             0    98031  47.4034 -122.187   \n",
       "7212660540              0      1994             0    98003  47.2704 -122.313   \n",
       "8562780200             90      2009             0    98027  47.5321 -122.073   \n",
       "7760400350              0      1994             0    98042  47.3715 -122.074   \n",
       "\n",
       "            sqft_living15  sqft_lot15  \n",
       "id                                     \n",
       "9117000170           1660        9240  \n",
       "6700390210           1720        3605  \n",
       "7212660540           1870        7455  \n",
       "8562780200           1240         750  \n",
       "7760400350           1590        8071  "
      ]
     },
     "execution_count": 95,
     "metadata": {},
     "output_type": "execute_result"
    }
   ],
   "source": [
    "file_path = r'C:\\Users\\navya\\downloads\\train.xlsx'\n",
    "df = pd.read_excel(file_path,index_col='id',parse_dates=['date'])\n",
    "df.head()\n"
   ]
  },
  {
   "cell_type": "code",
   "execution_count": 88,
   "id": "25460038",
   "metadata": {},
   "outputs": [
    {
     "name": "stdout",
     "output_type": "stream",
     "text": [
      "<class 'pandas.core.frame.DataFrame'>\n",
      "Index: 16209 entries, 9117000170 to 6147650280\n",
      "Data columns (total 20 columns):\n",
      " #   Column         Non-Null Count  Dtype         \n",
      "---  ------         --------------  -----         \n",
      " 0   date           16209 non-null  datetime64[ns]\n",
      " 1   price          16209 non-null  int64         \n",
      " 2   bedrooms       16209 non-null  int64         \n",
      " 3   bathrooms      16209 non-null  float64       \n",
      " 4   sqft_living    16209 non-null  int64         \n",
      " 5   sqft_lot       16209 non-null  int64         \n",
      " 6   floors         16209 non-null  float64       \n",
      " 7   waterfront     16209 non-null  int64         \n",
      " 8   view           16209 non-null  int64         \n",
      " 9   condition      16209 non-null  int64         \n",
      " 10  grade          16209 non-null  int64         \n",
      " 11  sqft_above     16209 non-null  int64         \n",
      " 12  sqft_basement  16209 non-null  int64         \n",
      " 13  yr_built       16209 non-null  int64         \n",
      " 14  yr_renovated   16209 non-null  int64         \n",
      " 15  zipcode        16209 non-null  int64         \n",
      " 16  lat            16209 non-null  float64       \n",
      " 17  long           16209 non-null  float64       \n",
      " 18  sqft_living15  16209 non-null  int64         \n",
      " 19  sqft_lot15     16209 non-null  int64         \n",
      "dtypes: datetime64[ns](1), float64(4), int64(15)\n",
      "memory usage: 2.6 MB\n"
     ]
    }
   ],
   "source": [
    "df.info()"
   ]
  },
  {
   "cell_type": "code",
   "execution_count": 89,
   "id": "d88dae1f",
   "metadata": {},
   "outputs": [
    {
     "data": {
      "text/html": [
       "<div>\n",
       "<style scoped>\n",
       "    .dataframe tbody tr th:only-of-type {\n",
       "        vertical-align: middle;\n",
       "    }\n",
       "\n",
       "    .dataframe tbody tr th {\n",
       "        vertical-align: top;\n",
       "    }\n",
       "\n",
       "    .dataframe thead th {\n",
       "        text-align: right;\n",
       "    }\n",
       "</style>\n",
       "<table border=\"1\" class=\"dataframe\">\n",
       "  <thead>\n",
       "    <tr style=\"text-align: right;\">\n",
       "      <th></th>\n",
       "      <th>date</th>\n",
       "      <th>price</th>\n",
       "      <th>bedrooms</th>\n",
       "      <th>bathrooms</th>\n",
       "      <th>sqft_living</th>\n",
       "      <th>sqft_lot</th>\n",
       "      <th>floors</th>\n",
       "      <th>waterfront</th>\n",
       "      <th>view</th>\n",
       "      <th>condition</th>\n",
       "      <th>grade</th>\n",
       "      <th>sqft_above</th>\n",
       "      <th>sqft_basement</th>\n",
       "      <th>yr_built</th>\n",
       "      <th>yr_renovated</th>\n",
       "      <th>zipcode</th>\n",
       "      <th>lat</th>\n",
       "      <th>long</th>\n",
       "      <th>sqft_living15</th>\n",
       "      <th>sqft_lot15</th>\n",
       "    </tr>\n",
       "  </thead>\n",
       "  <tbody>\n",
       "    <tr>\n",
       "      <th>date</th>\n",
       "      <td>1.000000</td>\n",
       "      <td>0.004310</td>\n",
       "      <td>-0.014758</td>\n",
       "      <td>-0.026319</td>\n",
       "      <td>-0.025651</td>\n",
       "      <td>0.008589</td>\n",
       "      <td>-0.023080</td>\n",
       "      <td>-0.001790</td>\n",
       "      <td>-0.002858</td>\n",
       "      <td>-0.051778</td>\n",
       "      <td>-0.031094</td>\n",
       "      <td>-0.019975</td>\n",
       "      <td>-0.015618</td>\n",
       "      <td>-0.000803</td>\n",
       "      <td>-0.027498</td>\n",
       "      <td>0.001099</td>\n",
       "      <td>-0.029040</td>\n",
       "      <td>-0.003658</td>\n",
       "      <td>-0.023130</td>\n",
       "      <td>0.003097</td>\n",
       "    </tr>\n",
       "    <tr>\n",
       "      <th>price</th>\n",
       "      <td>0.004310</td>\n",
       "      <td>1.000000</td>\n",
       "      <td>0.304454</td>\n",
       "      <td>0.525487</td>\n",
       "      <td>0.700933</td>\n",
       "      <td>0.088526</td>\n",
       "      <td>0.251428</td>\n",
       "      <td>0.245221</td>\n",
       "      <td>0.390534</td>\n",
       "      <td>0.031333</td>\n",
       "      <td>0.664266</td>\n",
       "      <td>0.602648</td>\n",
       "      <td>0.320301</td>\n",
       "      <td>0.048307</td>\n",
       "      <td>0.133075</td>\n",
       "      <td>-0.054517</td>\n",
       "      <td>0.310008</td>\n",
       "      <td>0.024279</td>\n",
       "      <td>0.581781</td>\n",
       "      <td>0.076060</td>\n",
       "    </tr>\n",
       "    <tr>\n",
       "      <th>bedrooms</th>\n",
       "      <td>-0.014758</td>\n",
       "      <td>0.304454</td>\n",
       "      <td>1.000000</td>\n",
       "      <td>0.512658</td>\n",
       "      <td>0.571198</td>\n",
       "      <td>0.031288</td>\n",
       "      <td>0.172445</td>\n",
       "      <td>-0.013955</td>\n",
       "      <td>0.067256</td>\n",
       "      <td>0.026111</td>\n",
       "      <td>0.351477</td>\n",
       "      <td>0.471797</td>\n",
       "      <td>0.297196</td>\n",
       "      <td>0.148644</td>\n",
       "      <td>0.020143</td>\n",
       "      <td>-0.154518</td>\n",
       "      <td>-0.015274</td>\n",
       "      <td>0.126862</td>\n",
       "      <td>0.383391</td>\n",
       "      <td>0.024100</td>\n",
       "    </tr>\n",
       "    <tr>\n",
       "      <th>bathrooms</th>\n",
       "      <td>-0.026319</td>\n",
       "      <td>0.525487</td>\n",
       "      <td>0.512658</td>\n",
       "      <td>1.000000</td>\n",
       "      <td>0.751945</td>\n",
       "      <td>0.083157</td>\n",
       "      <td>0.504068</td>\n",
       "      <td>0.055692</td>\n",
       "      <td>0.177566</td>\n",
       "      <td>-0.127073</td>\n",
       "      <td>0.664627</td>\n",
       "      <td>0.683100</td>\n",
       "      <td>0.275047</td>\n",
       "      <td>0.503787</td>\n",
       "      <td>0.052243</td>\n",
       "      <td>-0.203460</td>\n",
       "      <td>0.024899</td>\n",
       "      <td>0.222711</td>\n",
       "      <td>0.563793</td>\n",
       "      <td>0.075934</td>\n",
       "    </tr>\n",
       "    <tr>\n",
       "      <th>sqft_living</th>\n",
       "      <td>-0.025651</td>\n",
       "      <td>0.700933</td>\n",
       "      <td>0.571198</td>\n",
       "      <td>0.751945</td>\n",
       "      <td>1.000000</td>\n",
       "      <td>0.172949</td>\n",
       "      <td>0.348418</td>\n",
       "      <td>0.088843</td>\n",
       "      <td>0.274416</td>\n",
       "      <td>-0.060182</td>\n",
       "      <td>0.760925</td>\n",
       "      <td>0.875830</td>\n",
       "      <td>0.426891</td>\n",
       "      <td>0.315132</td>\n",
       "      <td>0.056486</td>\n",
       "      <td>-0.204425</td>\n",
       "      <td>0.052008</td>\n",
       "      <td>0.244083</td>\n",
       "      <td>0.754931</td>\n",
       "      <td>0.172654</td>\n",
       "    </tr>\n",
       "    <tr>\n",
       "      <th>sqft_lot</th>\n",
       "      <td>0.008589</td>\n",
       "      <td>0.088526</td>\n",
       "      <td>0.031288</td>\n",
       "      <td>0.083157</td>\n",
       "      <td>0.172949</td>\n",
       "      <td>1.000000</td>\n",
       "      <td>-0.005568</td>\n",
       "      <td>0.026972</td>\n",
       "      <td>0.061824</td>\n",
       "      <td>-0.012143</td>\n",
       "      <td>0.113591</td>\n",
       "      <td>0.183068</td>\n",
       "      <td>0.014630</td>\n",
       "      <td>0.049967</td>\n",
       "      <td>0.017512</td>\n",
       "      <td>-0.136081</td>\n",
       "      <td>-0.082422</td>\n",
       "      <td>0.245868</td>\n",
       "      <td>0.155903</td>\n",
       "      <td>0.720981</td>\n",
       "    </tr>\n",
       "    <tr>\n",
       "      <th>floors</th>\n",
       "      <td>-0.023080</td>\n",
       "      <td>0.251428</td>\n",
       "      <td>0.172445</td>\n",
       "      <td>0.504068</td>\n",
       "      <td>0.348418</td>\n",
       "      <td>-0.005568</td>\n",
       "      <td>1.000000</td>\n",
       "      <td>0.014519</td>\n",
       "      <td>0.024111</td>\n",
       "      <td>-0.269722</td>\n",
       "      <td>0.457886</td>\n",
       "      <td>0.518404</td>\n",
       "      <td>-0.250838</td>\n",
       "      <td>0.498043</td>\n",
       "      <td>0.006272</td>\n",
       "      <td>-0.058061</td>\n",
       "      <td>0.051718</td>\n",
       "      <td>0.125464</td>\n",
       "      <td>0.271569</td>\n",
       "      <td>-0.013306</td>\n",
       "    </tr>\n",
       "    <tr>\n",
       "      <th>waterfront</th>\n",
       "      <td>-0.001790</td>\n",
       "      <td>0.245221</td>\n",
       "      <td>-0.013955</td>\n",
       "      <td>0.055692</td>\n",
       "      <td>0.088843</td>\n",
       "      <td>0.026972</td>\n",
       "      <td>0.014519</td>\n",
       "      <td>1.000000</td>\n",
       "      <td>0.383340</td>\n",
       "      <td>0.019247</td>\n",
       "      <td>0.060923</td>\n",
       "      <td>0.057471</td>\n",
       "      <td>0.076038</td>\n",
       "      <td>-0.037142</td>\n",
       "      <td>0.090072</td>\n",
       "      <td>0.027807</td>\n",
       "      <td>-0.016475</td>\n",
       "      <td>-0.041775</td>\n",
       "      <td>0.071691</td>\n",
       "      <td>0.033118</td>\n",
       "    </tr>\n",
       "    <tr>\n",
       "      <th>view</th>\n",
       "      <td>-0.002858</td>\n",
       "      <td>0.390534</td>\n",
       "      <td>0.067256</td>\n",
       "      <td>0.177566</td>\n",
       "      <td>0.274416</td>\n",
       "      <td>0.061824</td>\n",
       "      <td>0.024111</td>\n",
       "      <td>0.383340</td>\n",
       "      <td>1.000000</td>\n",
       "      <td>0.048312</td>\n",
       "      <td>0.242506</td>\n",
       "      <td>0.157919</td>\n",
       "      <td>0.271584</td>\n",
       "      <td>-0.059378</td>\n",
       "      <td>0.100235</td>\n",
       "      <td>0.086064</td>\n",
       "      <td>0.003694</td>\n",
       "      <td>-0.085159</td>\n",
       "      <td>0.277348</td>\n",
       "      <td>0.064485</td>\n",
       "    </tr>\n",
       "    <tr>\n",
       "      <th>condition</th>\n",
       "      <td>-0.051778</td>\n",
       "      <td>0.031333</td>\n",
       "      <td>0.026111</td>\n",
       "      <td>-0.127073</td>\n",
       "      <td>-0.060182</td>\n",
       "      <td>-0.012143</td>\n",
       "      <td>-0.269722</td>\n",
       "      <td>0.019247</td>\n",
       "      <td>0.048312</td>\n",
       "      <td>1.000000</td>\n",
       "      <td>-0.146829</td>\n",
       "      <td>-0.160184</td>\n",
       "      <td>0.175689</td>\n",
       "      <td>-0.362723</td>\n",
       "      <td>-0.058913</td>\n",
       "      <td>0.004477</td>\n",
       "      <td>-0.022307</td>\n",
       "      <td>-0.111264</td>\n",
       "      <td>-0.096368</td>\n",
       "      <td>-0.008104</td>\n",
       "    </tr>\n",
       "    <tr>\n",
       "      <th>grade</th>\n",
       "      <td>-0.031094</td>\n",
       "      <td>0.664266</td>\n",
       "      <td>0.351477</td>\n",
       "      <td>0.664627</td>\n",
       "      <td>0.760925</td>\n",
       "      <td>0.113591</td>\n",
       "      <td>0.457886</td>\n",
       "      <td>0.060923</td>\n",
       "      <td>0.242506</td>\n",
       "      <td>-0.146829</td>\n",
       "      <td>1.000000</td>\n",
       "      <td>0.753012</td>\n",
       "      <td>0.162622</td>\n",
       "      <td>0.446375</td>\n",
       "      <td>0.015810</td>\n",
       "      <td>-0.183338</td>\n",
       "      <td>0.117057</td>\n",
       "      <td>0.200375</td>\n",
       "      <td>0.707371</td>\n",
       "      <td>0.112788</td>\n",
       "    </tr>\n",
       "    <tr>\n",
       "      <th>sqft_above</th>\n",
       "      <td>-0.019975</td>\n",
       "      <td>0.602648</td>\n",
       "      <td>0.471797</td>\n",
       "      <td>0.683100</td>\n",
       "      <td>0.875830</td>\n",
       "      <td>0.183068</td>\n",
       "      <td>0.518404</td>\n",
       "      <td>0.057471</td>\n",
       "      <td>0.157919</td>\n",
       "      <td>-0.160184</td>\n",
       "      <td>0.753012</td>\n",
       "      <td>1.000000</td>\n",
       "      <td>-0.062550</td>\n",
       "      <td>0.422784</td>\n",
       "      <td>0.023943</td>\n",
       "      <td>-0.266156</td>\n",
       "      <td>-0.004203</td>\n",
       "      <td>0.350492</td>\n",
       "      <td>0.729625</td>\n",
       "      <td>0.183704</td>\n",
       "    </tr>\n",
       "    <tr>\n",
       "      <th>sqft_basement</th>\n",
       "      <td>-0.015618</td>\n",
       "      <td>0.320301</td>\n",
       "      <td>0.297196</td>\n",
       "      <td>0.275047</td>\n",
       "      <td>0.426891</td>\n",
       "      <td>0.014630</td>\n",
       "      <td>-0.250838</td>\n",
       "      <td>0.076038</td>\n",
       "      <td>0.271584</td>\n",
       "      <td>0.175689</td>\n",
       "      <td>0.162622</td>\n",
       "      <td>-0.062550</td>\n",
       "      <td>1.000000</td>\n",
       "      <td>-0.140504</td>\n",
       "      <td>0.071948</td>\n",
       "      <td>0.075963</td>\n",
       "      <td>0.115425</td>\n",
       "      <td>-0.151975</td>\n",
       "      <td>0.194046</td>\n",
       "      <td>0.012831</td>\n",
       "    </tr>\n",
       "    <tr>\n",
       "      <th>yr_built</th>\n",
       "      <td>-0.000803</td>\n",
       "      <td>0.048307</td>\n",
       "      <td>0.148644</td>\n",
       "      <td>0.503787</td>\n",
       "      <td>0.315132</td>\n",
       "      <td>0.049967</td>\n",
       "      <td>0.498043</td>\n",
       "      <td>-0.037142</td>\n",
       "      <td>-0.059378</td>\n",
       "      <td>-0.362723</td>\n",
       "      <td>0.446375</td>\n",
       "      <td>0.422784</td>\n",
       "      <td>-0.140504</td>\n",
       "      <td>1.000000</td>\n",
       "      <td>-0.228287</td>\n",
       "      <td>-0.341616</td>\n",
       "      <td>-0.146670</td>\n",
       "      <td>0.413730</td>\n",
       "      <td>0.323926</td>\n",
       "      <td>0.066974</td>\n",
       "    </tr>\n",
       "    <tr>\n",
       "      <th>yr_renovated</th>\n",
       "      <td>-0.027498</td>\n",
       "      <td>0.133075</td>\n",
       "      <td>0.020143</td>\n",
       "      <td>0.052243</td>\n",
       "      <td>0.056486</td>\n",
       "      <td>0.017512</td>\n",
       "      <td>0.006272</td>\n",
       "      <td>0.090072</td>\n",
       "      <td>0.100235</td>\n",
       "      <td>-0.058913</td>\n",
       "      <td>0.015810</td>\n",
       "      <td>0.023943</td>\n",
       "      <td>0.071948</td>\n",
       "      <td>-0.228287</td>\n",
       "      <td>1.000000</td>\n",
       "      <td>0.061348</td>\n",
       "      <td>0.032776</td>\n",
       "      <td>-0.071060</td>\n",
       "      <td>0.000455</td>\n",
       "      <td>0.017190</td>\n",
       "    </tr>\n",
       "    <tr>\n",
       "      <th>zipcode</th>\n",
       "      <td>0.001099</td>\n",
       "      <td>-0.054517</td>\n",
       "      <td>-0.154518</td>\n",
       "      <td>-0.203460</td>\n",
       "      <td>-0.204425</td>\n",
       "      <td>-0.136081</td>\n",
       "      <td>-0.058061</td>\n",
       "      <td>0.027807</td>\n",
       "      <td>0.086064</td>\n",
       "      <td>0.004477</td>\n",
       "      <td>-0.183338</td>\n",
       "      <td>-0.266156</td>\n",
       "      <td>0.075963</td>\n",
       "      <td>-0.341616</td>\n",
       "      <td>0.061348</td>\n",
       "      <td>1.000000</td>\n",
       "      <td>0.265900</td>\n",
       "      <td>-0.566342</td>\n",
       "      <td>-0.283282</td>\n",
       "      <td>-0.150061</td>\n",
       "    </tr>\n",
       "    <tr>\n",
       "      <th>lat</th>\n",
       "      <td>-0.029040</td>\n",
       "      <td>0.310008</td>\n",
       "      <td>-0.015274</td>\n",
       "      <td>0.024899</td>\n",
       "      <td>0.052008</td>\n",
       "      <td>-0.082422</td>\n",
       "      <td>0.051718</td>\n",
       "      <td>-0.016475</td>\n",
       "      <td>0.003694</td>\n",
       "      <td>-0.022307</td>\n",
       "      <td>0.117057</td>\n",
       "      <td>-0.004203</td>\n",
       "      <td>0.115425</td>\n",
       "      <td>-0.146670</td>\n",
       "      <td>0.032776</td>\n",
       "      <td>0.265900</td>\n",
       "      <td>1.000000</td>\n",
       "      <td>-0.140838</td>\n",
       "      <td>0.049619</td>\n",
       "      <td>-0.085846</td>\n",
       "    </tr>\n",
       "    <tr>\n",
       "      <th>long</th>\n",
       "      <td>-0.003658</td>\n",
       "      <td>0.024279</td>\n",
       "      <td>0.126862</td>\n",
       "      <td>0.222711</td>\n",
       "      <td>0.244083</td>\n",
       "      <td>0.245868</td>\n",
       "      <td>0.125464</td>\n",
       "      <td>-0.041775</td>\n",
       "      <td>-0.085159</td>\n",
       "      <td>-0.111264</td>\n",
       "      <td>0.200375</td>\n",
       "      <td>0.350492</td>\n",
       "      <td>-0.151975</td>\n",
       "      <td>0.413730</td>\n",
       "      <td>-0.071060</td>\n",
       "      <td>-0.566342</td>\n",
       "      <td>-0.140838</td>\n",
       "      <td>1.000000</td>\n",
       "      <td>0.345650</td>\n",
       "      <td>0.259254</td>\n",
       "    </tr>\n",
       "    <tr>\n",
       "      <th>sqft_living15</th>\n",
       "      <td>-0.023130</td>\n",
       "      <td>0.581781</td>\n",
       "      <td>0.383391</td>\n",
       "      <td>0.563793</td>\n",
       "      <td>0.754931</td>\n",
       "      <td>0.155903</td>\n",
       "      <td>0.271569</td>\n",
       "      <td>0.071691</td>\n",
       "      <td>0.277348</td>\n",
       "      <td>-0.096368</td>\n",
       "      <td>0.707371</td>\n",
       "      <td>0.729625</td>\n",
       "      <td>0.194046</td>\n",
       "      <td>0.323926</td>\n",
       "      <td>0.000455</td>\n",
       "      <td>-0.283282</td>\n",
       "      <td>0.049619</td>\n",
       "      <td>0.345650</td>\n",
       "      <td>1.000000</td>\n",
       "      <td>0.186959</td>\n",
       "    </tr>\n",
       "    <tr>\n",
       "      <th>sqft_lot15</th>\n",
       "      <td>0.003097</td>\n",
       "      <td>0.076060</td>\n",
       "      <td>0.024100</td>\n",
       "      <td>0.075934</td>\n",
       "      <td>0.172654</td>\n",
       "      <td>0.720981</td>\n",
       "      <td>-0.013306</td>\n",
       "      <td>0.033118</td>\n",
       "      <td>0.064485</td>\n",
       "      <td>-0.008104</td>\n",
       "      <td>0.112788</td>\n",
       "      <td>0.183704</td>\n",
       "      <td>0.012831</td>\n",
       "      <td>0.066974</td>\n",
       "      <td>0.017190</td>\n",
       "      <td>-0.150061</td>\n",
       "      <td>-0.085846</td>\n",
       "      <td>0.259254</td>\n",
       "      <td>0.186959</td>\n",
       "      <td>1.000000</td>\n",
       "    </tr>\n",
       "  </tbody>\n",
       "</table>\n",
       "</div>"
      ],
      "text/plain": [
       "                   date     price  bedrooms  bathrooms  sqft_living  sqft_lot  \\\n",
       "date           1.000000  0.004310 -0.014758  -0.026319    -0.025651  0.008589   \n",
       "price          0.004310  1.000000  0.304454   0.525487     0.700933  0.088526   \n",
       "bedrooms      -0.014758  0.304454  1.000000   0.512658     0.571198  0.031288   \n",
       "bathrooms     -0.026319  0.525487  0.512658   1.000000     0.751945  0.083157   \n",
       "sqft_living   -0.025651  0.700933  0.571198   0.751945     1.000000  0.172949   \n",
       "sqft_lot       0.008589  0.088526  0.031288   0.083157     0.172949  1.000000   \n",
       "floors        -0.023080  0.251428  0.172445   0.504068     0.348418 -0.005568   \n",
       "waterfront    -0.001790  0.245221 -0.013955   0.055692     0.088843  0.026972   \n",
       "view          -0.002858  0.390534  0.067256   0.177566     0.274416  0.061824   \n",
       "condition     -0.051778  0.031333  0.026111  -0.127073    -0.060182 -0.012143   \n",
       "grade         -0.031094  0.664266  0.351477   0.664627     0.760925  0.113591   \n",
       "sqft_above    -0.019975  0.602648  0.471797   0.683100     0.875830  0.183068   \n",
       "sqft_basement -0.015618  0.320301  0.297196   0.275047     0.426891  0.014630   \n",
       "yr_built      -0.000803  0.048307  0.148644   0.503787     0.315132  0.049967   \n",
       "yr_renovated  -0.027498  0.133075  0.020143   0.052243     0.056486  0.017512   \n",
       "zipcode        0.001099 -0.054517 -0.154518  -0.203460    -0.204425 -0.136081   \n",
       "lat           -0.029040  0.310008 -0.015274   0.024899     0.052008 -0.082422   \n",
       "long          -0.003658  0.024279  0.126862   0.222711     0.244083  0.245868   \n",
       "sqft_living15 -0.023130  0.581781  0.383391   0.563793     0.754931  0.155903   \n",
       "sqft_lot15     0.003097  0.076060  0.024100   0.075934     0.172654  0.720981   \n",
       "\n",
       "                 floors  waterfront      view  condition     grade  \\\n",
       "date          -0.023080   -0.001790 -0.002858  -0.051778 -0.031094   \n",
       "price          0.251428    0.245221  0.390534   0.031333  0.664266   \n",
       "bedrooms       0.172445   -0.013955  0.067256   0.026111  0.351477   \n",
       "bathrooms      0.504068    0.055692  0.177566  -0.127073  0.664627   \n",
       "sqft_living    0.348418    0.088843  0.274416  -0.060182  0.760925   \n",
       "sqft_lot      -0.005568    0.026972  0.061824  -0.012143  0.113591   \n",
       "floors         1.000000    0.014519  0.024111  -0.269722  0.457886   \n",
       "waterfront     0.014519    1.000000  0.383340   0.019247  0.060923   \n",
       "view           0.024111    0.383340  1.000000   0.048312  0.242506   \n",
       "condition     -0.269722    0.019247  0.048312   1.000000 -0.146829   \n",
       "grade          0.457886    0.060923  0.242506  -0.146829  1.000000   \n",
       "sqft_above     0.518404    0.057471  0.157919  -0.160184  0.753012   \n",
       "sqft_basement -0.250838    0.076038  0.271584   0.175689  0.162622   \n",
       "yr_built       0.498043   -0.037142 -0.059378  -0.362723  0.446375   \n",
       "yr_renovated   0.006272    0.090072  0.100235  -0.058913  0.015810   \n",
       "zipcode       -0.058061    0.027807  0.086064   0.004477 -0.183338   \n",
       "lat            0.051718   -0.016475  0.003694  -0.022307  0.117057   \n",
       "long           0.125464   -0.041775 -0.085159  -0.111264  0.200375   \n",
       "sqft_living15  0.271569    0.071691  0.277348  -0.096368  0.707371   \n",
       "sqft_lot15    -0.013306    0.033118  0.064485  -0.008104  0.112788   \n",
       "\n",
       "               sqft_above  sqft_basement  yr_built  yr_renovated   zipcode  \\\n",
       "date            -0.019975      -0.015618 -0.000803     -0.027498  0.001099   \n",
       "price            0.602648       0.320301  0.048307      0.133075 -0.054517   \n",
       "bedrooms         0.471797       0.297196  0.148644      0.020143 -0.154518   \n",
       "bathrooms        0.683100       0.275047  0.503787      0.052243 -0.203460   \n",
       "sqft_living      0.875830       0.426891  0.315132      0.056486 -0.204425   \n",
       "sqft_lot         0.183068       0.014630  0.049967      0.017512 -0.136081   \n",
       "floors           0.518404      -0.250838  0.498043      0.006272 -0.058061   \n",
       "waterfront       0.057471       0.076038 -0.037142      0.090072  0.027807   \n",
       "view             0.157919       0.271584 -0.059378      0.100235  0.086064   \n",
       "condition       -0.160184       0.175689 -0.362723     -0.058913  0.004477   \n",
       "grade            0.753012       0.162622  0.446375      0.015810 -0.183338   \n",
       "sqft_above       1.000000      -0.062550  0.422784      0.023943 -0.266156   \n",
       "sqft_basement   -0.062550       1.000000 -0.140504      0.071948  0.075963   \n",
       "yr_built         0.422784      -0.140504  1.000000     -0.228287 -0.341616   \n",
       "yr_renovated     0.023943       0.071948 -0.228287      1.000000  0.061348   \n",
       "zipcode         -0.266156       0.075963 -0.341616      0.061348  1.000000   \n",
       "lat             -0.004203       0.115425 -0.146670      0.032776  0.265900   \n",
       "long             0.350492      -0.151975  0.413730     -0.071060 -0.566342   \n",
       "sqft_living15    0.729625       0.194046  0.323926      0.000455 -0.283282   \n",
       "sqft_lot15       0.183704       0.012831  0.066974      0.017190 -0.150061   \n",
       "\n",
       "                    lat      long  sqft_living15  sqft_lot15  \n",
       "date          -0.029040 -0.003658      -0.023130    0.003097  \n",
       "price          0.310008  0.024279       0.581781    0.076060  \n",
       "bedrooms      -0.015274  0.126862       0.383391    0.024100  \n",
       "bathrooms      0.024899  0.222711       0.563793    0.075934  \n",
       "sqft_living    0.052008  0.244083       0.754931    0.172654  \n",
       "sqft_lot      -0.082422  0.245868       0.155903    0.720981  \n",
       "floors         0.051718  0.125464       0.271569   -0.013306  \n",
       "waterfront    -0.016475 -0.041775       0.071691    0.033118  \n",
       "view           0.003694 -0.085159       0.277348    0.064485  \n",
       "condition     -0.022307 -0.111264      -0.096368   -0.008104  \n",
       "grade          0.117057  0.200375       0.707371    0.112788  \n",
       "sqft_above    -0.004203  0.350492       0.729625    0.183704  \n",
       "sqft_basement  0.115425 -0.151975       0.194046    0.012831  \n",
       "yr_built      -0.146670  0.413730       0.323926    0.066974  \n",
       "yr_renovated   0.032776 -0.071060       0.000455    0.017190  \n",
       "zipcode        0.265900 -0.566342      -0.283282   -0.150061  \n",
       "lat            1.000000 -0.140838       0.049619   -0.085846  \n",
       "long          -0.140838  1.000000       0.345650    0.259254  \n",
       "sqft_living15  0.049619  0.345650       1.000000    0.186959  \n",
       "sqft_lot15    -0.085846  0.259254       0.186959    1.000000  "
      ]
     },
     "execution_count": 89,
     "metadata": {},
     "output_type": "execute_result"
    }
   ],
   "source": [
    "df.corr()"
   ]
  },
  {
   "cell_type": "code",
   "execution_count": 81,
   "id": "6d5b638e",
   "metadata": {},
   "outputs": [
    {
     "name": "stdout",
     "output_type": "stream",
     "text": [
      "Requirement already satisfied: ydata-profiling in c:\\users\\navya\\anaconda3\\lib\\site-packages (4.18.0)\n",
      "Requirement already satisfied: pandas in c:\\users\\navya\\anaconda3\\lib\\site-packages (2.2.3)\n",
      "Requirement already satisfied: openpyxl in c:\\users\\navya\\anaconda3\\lib\\site-packages (3.1.5)\n",
      "Requirement already satisfied: scipy<1.17,>=1.8 in c:\\users\\navya\\anaconda3\\lib\\site-packages (from ydata-profiling) (1.15.3)\n",
      "Requirement already satisfied: matplotlib<=3.10,>=3.5 in c:\\users\\navya\\anaconda3\\lib\\site-packages (from ydata-profiling) (3.10.0)\n",
      "Requirement already satisfied: pydantic<3,>=2 in c:\\users\\navya\\anaconda3\\lib\\site-packages (from ydata-profiling) (2.10.3)\n",
      "Requirement already satisfied: PyYAML<6.1,>=6.0.3 in c:\\users\\navya\\anaconda3\\lib\\site-packages (from ydata-profiling) (6.0.3)\n",
      "Requirement already satisfied: jinja2<3.2,>=3.1.6 in c:\\users\\navya\\anaconda3\\lib\\site-packages (from ydata-profiling) (3.1.6)\n",
      "Requirement already satisfied: visions<0.8.2,>=0.7.5 in c:\\users\\navya\\anaconda3\\lib\\site-packages (from visions[type_image_path]<0.8.2,>=0.7.5->ydata-profiling) (0.8.1)\n",
      "Requirement already satisfied: numpy<2.4,>=1.22 in c:\\users\\navya\\anaconda3\\lib\\site-packages (from ydata-profiling) (2.1.3)\n",
      "Requirement already satisfied: minify-html>=0.15.0 in c:\\users\\navya\\anaconda3\\lib\\site-packages (from ydata-profiling) (0.18.1)\n",
      "Requirement already satisfied: filetype>=1.0.0 in c:\\users\\navya\\anaconda3\\lib\\site-packages (from ydata-profiling) (1.2.0)\n",
      "Requirement already satisfied: phik<0.13,>=0.12.5 in c:\\users\\navya\\anaconda3\\lib\\site-packages (from ydata-profiling) (0.12.5)\n",
      "Requirement already satisfied: requests<3,>=2.32.0 in c:\\users\\navya\\anaconda3\\lib\\site-packages (from ydata-profiling) (2.32.3)\n",
      "Requirement already satisfied: tqdm<5,>=4.66.3 in c:\\users\\navya\\anaconda3\\lib\\site-packages (from ydata-profiling) (4.67.1)\n",
      "Requirement already satisfied: seaborn<0.14,>=0.10.1 in c:\\users\\navya\\anaconda3\\lib\\site-packages (from ydata-profiling) (0.13.2)\n",
      "Requirement already satisfied: multimethod<2,>=1.4 in c:\\users\\navya\\anaconda3\\lib\\site-packages (from ydata-profiling) (1.12)\n",
      "Requirement already satisfied: statsmodels<1,>=0.13.2 in c:\\users\\navya\\anaconda3\\lib\\site-packages (from ydata-profiling) (0.14.4)\n",
      "Requirement already satisfied: typeguard<5,>=4 in c:\\users\\navya\\anaconda3\\lib\\site-packages (from ydata-profiling) (4.4.4)\n",
      "Requirement already satisfied: imagehash==4.3.2 in c:\\users\\navya\\anaconda3\\lib\\site-packages (from ydata-profiling) (4.3.2)\n",
      "Requirement already satisfied: wordcloud>=1.9.4 in c:\\users\\navya\\anaconda3\\lib\\site-packages (from ydata-profiling) (1.9.4)\n",
      "Requirement already satisfied: dacite<2,>=1.9 in c:\\users\\navya\\anaconda3\\lib\\site-packages (from ydata-profiling) (1.9.2)\n",
      "Requirement already satisfied: numba<0.63,>=0.60 in c:\\users\\navya\\anaconda3\\lib\\site-packages (from ydata-profiling) (0.61.0)\n",
      "Requirement already satisfied: PyWavelets in c:\\users\\navya\\anaconda3\\lib\\site-packages (from imagehash==4.3.2->ydata-profiling) (1.8.0)\n",
      "Requirement already satisfied: pillow in c:\\users\\navya\\anaconda3\\lib\\site-packages (from imagehash==4.3.2->ydata-profiling) (11.1.0)\n",
      "Requirement already satisfied: python-dateutil>=2.8.2 in c:\\users\\navya\\anaconda3\\lib\\site-packages (from pandas) (2.9.0.post0)\n",
      "Requirement already satisfied: pytz>=2020.1 in c:\\users\\navya\\anaconda3\\lib\\site-packages (from pandas) (2024.1)\n",
      "Requirement already satisfied: tzdata>=2022.7 in c:\\users\\navya\\anaconda3\\lib\\site-packages (from pandas) (2025.2)\n",
      "Requirement already satisfied: MarkupSafe>=2.0 in c:\\users\\navya\\anaconda3\\lib\\site-packages (from jinja2<3.2,>=3.1.6->ydata-profiling) (3.0.2)\n",
      "Requirement already satisfied: contourpy>=1.0.1 in c:\\users\\navya\\anaconda3\\lib\\site-packages (from matplotlib<=3.10,>=3.5->ydata-profiling) (1.3.1)\n",
